# Stage 3 task 2 item 3: collision-geometry BUILDER FUN_005946f0 ground truth (PCode emu,
# allocator/ctor/dtor/color/net-pair stubbed no-op, pure geometry leaves REAL). SB=0x00680000.
# inputs: see run_collbuilder_oracle.sh pk() block (mirrored in test_collbuilder.gd).
MASTER_COUNT 62
POST_COUNT   62
ENTITY_COUNT 58
# RUN: CALL 0 RET steps=68371
POSTS_BASE 0x00680000
POST 0 4294836224 114688 72089 4294868992 114688 72089 4294918144 49152 0 4294901760 49152 0 4294836224 49152 0 4294918144 114688 72089 0 36044 4294934528 31457
POST 1 4294868992 114688 72089 4294901760 114688 72089 4294934528 49152 0 4294918144 49152 0 4294868992 49152 0 4294934528 114688 72089 0 36044 4294934528 31457
POST 2 4294901760 114688 72089 4294934528 114688 72089 4294950912 49152 0 4294934528 49152 0 4294901760 49152 0 4294950912 114688 72089 0 36044 4294934528 31457
POST 3 4294934528 114688 72089 0 114688 72089 0 49152 0 4294950912 49152 0 4294934528 49152 0 0 114688 72089 0 36044 4294934528 31457
POST 4 0 114688 72089 32768 114688 72089 16384 49152 0 0 49152 0 0 49152 0 32768 114688 72089 0 36044 4294934528 31457
POST 5 32768 114688 72089 65536 114688 72089 32768 49152 0 16384 49152 0 16384 49152 0 65536 114688 72089 0 36044 4294934528 31457
POST 6 65536 114688 72089 98304 114688 72089 49152 49152 0 32768 49152 0 32768 49152 0 98304 114688 72089 0 36044 4294934528 31457
POST 7 98304 114688 72089 131072 114688 72089 65536 49152 0 49152 49152 0 49152 49152 0 131072 114688 72089 0 36044 4294934528 31457
POST 8 131072 114688 72089 98304 90112 72089 32768 24576 0 65536 49152 0 32768 24576 0 131072 114688 72089 27033 4294931251 8192 31457
POST 9 98304 90112 72089 98304 54068 72089 32768 14746 0 32768 24576 0 32768 14746 0 98304 90112 72089 39648 0 4294931252 31457
POST 10 98304 54068 72089 98304 18023 72089 32768 4916 0 32768 14746 0 32768 4916 0 98304 54068 72089 39649 0 4294931251 31457
POST 11 98304 18023 72089 98304 4294949274 72089 32768 4294962381 0 32768 4916 0 32768 4294949274 0 98304 18023 72089 39649 0 4294931251 31457
POST 12 98304 4294949274 72089 98304 4294913229 72089 32768 4294952551 0 32768 4294962381 0 32768 4294913229 0 98304 4294962381 72089 39649 0 4294931251 31457
POST 13 98304 4294913229 72089 98304 4294877184 72089 32768 4294942720 0 32768 4294952551 0 32768 4294877184 0 98304 4294952551 72089 39649 0 4294931251 31457
POST 14 98304 4294877184 72089 131072 4294852608 72089 65536 4294918144 0 32768 4294942720 0 32768 4294852608 0 131072 4294942720 72089 27033 36044 8192 31457
POST 15 131072 4294852608 72089 98304 4294852608 72089 49152 4294918144 0 65536 4294918144 0 49152 4294852608 0 131072 4294918144 72089 0 4294931251 4294934528 31457
POST 16 98304 4294852608 72089 65536 4294852608 72089 32768 4294918144 0 49152 4294918144 0 32768 4294852608 0 98304 4294918144 72089 0 4294931251 4294934528 31457
POST 17 65536 4294852608 72089 32768 4294852608 72089 16384 4294918144 0 32768 4294918144 0 16384 4294852608 0 65536 4294918144 72089 0 4294931251 4294934528 31457
POST 18 32768 4294852608 72089 0 4294852608 72089 0 4294918144 0 16384 4294918144 0 0 4294852608 0 32768 4294918144 72089 0 4294931251 4294934528 31457
POST 19 0 4294852608 72089 4294934528 4294852608 72089 4294950912 4294918144 0 0 4294918144 0 4294934528 4294852608 0 0 4294918144 72089 0 4294931251 4294934528 31457
POST 20 4294934528 4294852608 72089 4294901760 4294852608 72089 4294934528 4294918144 0 4294950912 4294918144 0 4294901760 4294852608 0 4294950912 4294918144 72089 0 4294931251 4294934528 31457
POST 21 4294901760 4294852608 72089 4294868992 4294852608 72089 4294918144 4294918144 0 4294934528 4294918144 0 4294868992 4294852608 0 4294934528 4294918144 72089 0 4294931251 4294934528 31457
POST 22 4294868992 4294852608 72089 4294836224 4294852608 72089 4294901760 4294918144 0 4294918144 4294918144 0 4294836224 4294852608 0 4294918144 4294918144 72089 0 4294931251 4294934528 31457
POST 23 4294836224 4294852608 72089 4294868992 4294877184 72089 4294934528 4294942720 0 4294901760 4294918144 0 4294836224 4294852608 0 4294934528 4294942720 72089 4294940262 36044 8192 31457
POST 24 4294868992 4294877184 72089 4294868992 4294913228 72089 4294934528 4294952550 0 4294934528 4294942720 0 4294868992 4294877184 0 4294934528 4294952550 72089 4294927647 0 4294931252 31457
POST 25 4294868992 4294913228 72089 4294868992 4294949273 72089 4294934528 4294962380 0 4294934528 4294952550 0 4294868992 4294913228 0 4294934528 4294962380 72089 4294927646 0 4294931251 31457
POST 26 4294868992 4294949273 72089 4294868992 18022 72089 4294934528 4915 0 4294934528 4294962380 0 4294868992 4294949273 0 4294934528 18022 72089 4294927646 0 4294931251 31457
POST 27 4294868992 18022 72089 4294868992 54067 72089 4294934528 14745 0 4294934528 4915 0 4294868992 4915 0 4294934528 54067 72089 4294927646 0 4294931251 31457
POST 28 4294868992 54067 72089 4294868992 90112 72089 4294934528 24576 0 4294934528 14745 0 4294868992 14745 0 4294934528 90112 72089 4294927646 0 4294931251 31457
POST 29 4294868992 90112 72089 4294836224 114688 72089 4294901760 49152 0 4294934528 24576 0 4294836224 24576 0 4294934528 114688 72089 4294940262 4294931251 8192 31457
POST 30 4294705152 73728 196608 262144 73728 196608 98304 139264 0 4294868992 139264 0 4294705152 73728 0 262144 139264 196608 0 1572864 524288 32768
POST 31 262144 4294893568 196608 4294705152 4294893568 196608 4294868992 4294828032 0 98304 4294828032 0 4294705152 4294828032 0 262144 4294893568 196608 0 4293394432 524288 32768
POST 32 196608 4294852608 196608 196608 114688 196608 98304 139264 0 98304 4294828032 0 98304 4294828032 0 196608 139264 196608 4294279168 0 344064 32768
POST 33 4294770688 114688 196608 4294770688 4294852608 196608 4294868992 4294828032 0 4294868992 139264 0 4294770688 4294828032 0 4294868992 139264 196608 688128 0 344064 32768
POST 34 262144 73728 196608 196608 114688 196608 98304 81920 0 163840 139264 0 98304 73728 0 262144 139264 196608 4294844416 4294770688 94208 32768
POST 35 4294705152 4294893568 196608 4294770688 4294852608 196608 4294868992 4294885376 0 4294803456 4294828032 0 4294705152 4294828032 0 4294868992 4294893568 196608 122880 196608 94208 32768
POST 36 4294770688 114688 196608 4294705152 73728 196608 4294803456 139264 0 4294868992 81920 0 4294705152 73728 0 4294868992 139264 196608 122880 4294770688 4294963200 32768
POST 37 196608 4294852608 196608 262144 4294893568 196608 163840 4294828032 0 98304 4294885376 0 98304 4294828032 0 262144 4294893568 196608 4294844416 196608 4294963200 32768
POST 38 4294376652 4294727435 159088 4294376652 4294727435 167280 4294376652 239861 167280 4294376652 239861 159088 4294376652 4294727435 159088 4294376653 239861 167280 4294907330 0 0 40632
POST 39 4294376652 4294723339 167116 4294376652 4294731531 167116 4294376652 4294731531 0 4294376652 4294723339 0 4294376652 4294723339 0 4294376653 4294731531 167116 4294946406 0 0 40632
POST 40 4294376652 235765 167116 4294376652 243957 167116 4294376652 243957 0 4294376652 235765 0 4294376652 235765 0 4294376653 243957 167116 4294946406 0 0 40632
POST 41 582452 4294727435 159088 582452 4294727435 167280 582452 239861 167280 582452 239861 159088 582452 4294727435 159088 582453 239861 167280 4294907330 0 0 40632
POST 42 582452 4294723339 167116 582452 4294731531 167116 582452 4294731531 0 582452 4294723339 0 582452 4294723339 0 582453 4294731531 167116 4294946406 0 0 40632
POST 43 582452 235765 167116 582452 243957 167116 582452 243957 0 582452 235765 0 582452 235765 0 582453 243957 167116 4294946406 0 0 40632
POST 44 4294376652 4294727435 167280 4294384844 4294727435 167280 4294384844 239861 167280 4294376652 239861 167280 4294376652 4294727435 167280 4294384844 239861 167281 0 0 59965 40632
POST 45 4294376652 4294731531 167116 4294384844 4294731531 167116 4294384844 4294731531 0 4294376652 4294731531 0 4294376652 4294731531 0 4294384844 4294731532 167116 0 20889 0 40632
POST 46 4294376652 243957 167116 4294384844 243957 167116 4294384844 243957 0 4294376652 243957 0 4294376652 243957 0 4294384844 243958 167116 0 20889 0 40632
POST 47 582452 4294727435 167280 590644 4294727435 167280 590644 239861 167280 582452 239861 167280 582452 4294727435 167280 590644 239861 167281 0 0 59965 40632
POST 48 582452 4294731531 167116 590644 4294731531 167116 590644 4294731531 0 582452 4294731531 0 582452 4294731531 0 590644 4294731532 167116 0 20889 0 40632
POST 49 582452 243957 167116 590644 243957 167116 590644 243957 0 582452 243957 0 582452 243957 0 590644 243958 167116 0 20889 0 40632
POST 50 4294384844 4294727435 167280 4294384844 4294727435 159088 4294384844 239861 159088 4294384844 239861 167280 4294384844 4294727435 159088 4294384845 239861 167280 59965 0 0 40632
POST 51 4294384844 4294731531 167116 4294384844 4294723339 167116 4294384844 4294723339 0 4294384844 4294731531 0 4294384844 4294723339 0 4294384845 4294731531 167116 20889 0 0 40632
POST 52 4294384844 243957 167116 4294384844 235765 167116 4294384844 235765 0 4294384844 243957 0 4294384844 235765 0 4294384845 243957 167116 20889 0 0 40632
POST 53 590644 4294727435 167280 590644 4294727435 159088 590644 239861 159088 590644 239861 167280 590644 4294727435 159088 590645 239861 167280 59965 0 0 40632
POST 54 590644 4294731531 167116 590644 4294723339 167116 590644 4294723339 0 590644 4294731531 0 590644 4294723339 0 590645 4294731531 167116 20889 0 0 40632
POST 55 590644 243957 167116 590644 235765 167116 590644 235765 0 590644 243957 0 590644 235765 0 590645 243957 167116 20889 0 0 40632
POST 56 4294384844 4294727435 159088 4294376652 4294727435 159088 4294376652 239861 159088 4294384844 239861 159088 4294376652 4294727435 159088 4294384844 239861 159089 0 0 4294907330 40632
POST 57 4294384844 4294723339 167116 4294376652 4294723339 167116 4294376652 4294723339 0 4294384844 4294723339 0 4294376652 4294723339 0 4294384844 4294723340 167116 0 4294946406 0 40632
POST 58 4294384844 235765 167116 4294376652 235765 167116 4294376652 235765 0 4294384844 235765 0 4294376652 235765 0 4294384844 235766 167116 0 4294946406 0 40632
POST 59 590644 4294727435 159088 582452 4294727435 159088 582452 239861 159088 590644 239861 159088 582452 4294727435 159088 590644 239861 159089 0 0 4294907330 40632
POST 60 590644 4294723339 167116 582452 4294723339 167116 582452 4294723339 0 590644 4294723339 0 582452 4294723339 0 590644 4294723340 167116 0 4294946406 0 40632
POST 61 590644 235765 167116 582452 235765 167116 582452 235765 0 590644 235765 0 582452 235765 0 590644 235766 167116 0 4294946406 0 40632
POST 62 0 0 0 0 0 0 0 0 0 0 0 0 0 0 0 0 0 0 0 0 0 0
POST 63 0 0 0 0 0 0 0 0 0 0 0 0 0 0 0 0 0 0 0 0 0 0
MASTER 0 4294836224 114688 72089 4294868992 114688 72089 4294918144 49152 0 4294901760 49152 0
MASTER 1 4294868992 114688 72089 4294901760 114688 72089 4294934528 49152 0 4294918144 49152 0
MASTER 2 4294901760 114688 72089 4294934528 114688 72089 4294950912 49152 0 4294934528 49152 0
MASTER 3 4294934528 114688 72089 0 114688 72089 0 49152 0 4294950912 49152 0
MASTER 4 0 114688 72089 32768 114688 72089 16384 49152 0 0 49152 0
MASTER 5 32768 114688 72089 65536 114688 72089 32768 49152 0 16384 49152 0
MASTER 6 65536 114688 72089 98304 114688 72089 49152 49152 0 32768 49152 0
MASTER 7 98304 114688 72089 131072 114688 72089 65536 49152 0 49152 49152 0
MASTER 8 131072 114688 72089 98304 90112 72089 32768 24576 0 65536 49152 0
MASTER 9 98304 90112 72089 98304 54068 72089 32768 14746 0 32768 24576 0
MASTER 10 98304 54068 72089 98304 18023 72089 32768 4916 0 32768 14746 0
MASTER 11 98304 18023 72089 98304 4294949274 72089 32768 4294962381 0 32768 4916 0
MASTER 12 98304 4294949274 72089 98304 4294913229 72089 32768 4294952551 0 32768 4294962381 0
MASTER 13 98304 4294913229 72089 98304 4294877184 72089 32768 4294942720 0 32768 4294952551 0
MASTER 14 98304 4294877184 72089 131072 4294852608 72089 65536 4294918144 0 32768 4294942720 0
MASTER 15 131072 4294852608 72089 98304 4294852608 72089 49152 4294918144 0 65536 4294918144 0
MASTER 16 98304 4294852608 72089 65536 4294852608 72089 32768 4294918144 0 49152 4294918144 0
MASTER 17 65536 4294852608 72089 32768 4294852608 72089 16384 4294918144 0 32768 4294918144 0
MASTER 18 32768 4294852608 72089 0 4294852608 72089 0 4294918144 0 16384 4294918144 0
MASTER 19 0 4294852608 72089 4294934528 4294852608 72089 4294950912 4294918144 0 0 4294918144 0
MASTER 20 4294934528 4294852608 72089 4294901760 4294852608 72089 4294934528 4294918144 0 4294950912 4294918144 0
MASTER 21 4294901760 4294852608 72089 4294868992 4294852608 72089 4294918144 4294918144 0 4294934528 4294918144 0
MASTER 22 4294868992 4294852608 72089 4294836224 4294852608 72089 4294901760 4294918144 0 4294918144 4294918144 0
MASTER 23 4294836224 4294852608 72089 4294868992 4294877184 72089 4294934528 4294942720 0 4294901760 4294918144 0
MASTER 24 4294868992 4294877184 72089 4294868992 4294913228 72089 4294934528 4294952550 0 4294934528 4294942720 0
MASTER 25 4294868992 4294913228 72089 4294868992 4294949273 72089 4294934528 4294962380 0 4294934528 4294952550 0
MASTER 26 4294868992 4294949273 72089 4294868992 18022 72089 4294934528 4915 0 4294934528 4294962380 0
MASTER 27 4294868992 18022 72089 4294868992 54067 72089 4294934528 14745 0 4294934528 4915 0
MASTER 28 4294868992 54067 72089 4294868992 90112 72089 4294934528 24576 0 4294934528 14745 0
MASTER 29 4294868992 90112 72089 4294836224 114688 72089 4294901760 49152 0 4294934528 24576 0
MASTER 30 4294311936 239861 159907 4294377472 239861 159907 4294377472 239861 0 4294246400 239861 0
MASTER 31 4294377472 4294727435 159907 4294311936 4294727435 159907 4294246400 4294727435 0 4294377472 4294727435 0
MASTER 32 4294311936 4294727435 159907 4294311936 239861 159907 4294246400 239861 0 4294246400 4294727435 0
MASTER 33 4294311936 239861 159907 4294311936 4294727435 159907 4294377472 4294727435 159907 4294377472 239861 159907
MASTER 34 655360 4294727435 159907 589824 4294727435 159907 589824 4294727435 0 720896 4294727435 0
MASTER 35 589824 239861 159907 655360 239861 159907 720896 239861 0 589824 239861 0
MASTER 36 655360 239861 159907 655360 4294727435 159907 720896 4294727435 0 720896 239861 0
MASTER 37 655360 4294727435 159907 655360 239861 159907 589824 239861 159907 589824 4294727435 159907
MASTER 38 4294376652 4294727435 159088 4294376652 4294727435 167280 4294376652 239861 167280 4294376652 239861 159088
MASTER 39 4294376652 4294723339 167116 4294376652 4294731531 167116 4294376652 4294731531 0 4294376652 4294723339 0
MASTER 40 4294376652 235765 167116 4294376652 243957 167116 4294376652 243957 0 4294376652 235765 0
MASTER 41 582452 4294727435 159088 582452 4294727435 167280 582452 239861 167280 582452 239861 159088
MASTER 42 582452 4294723339 167116 582452 4294731531 167116 582452 4294731531 0 582452 4294723339 0
MASTER 43 582452 235765 167116 582452 243957 167116 582452 243957 0 582452 235765 0
MASTER 44 4294376652 4294727435 167280 4294384844 4294727435 167280 4294384844 239861 167280 4294376652 239861 167280
MASTER 45 4294376652 4294731531 167116 4294384844 4294731531 167116 4294384844 4294731531 0 4294376652 4294731531 0
MASTER 46 4294376652 243957 167116 4294384844 243957 167116 4294384844 243957 0 4294376652 243957 0
MASTER 47 582452 4294727435 167280 590644 4294727435 167280 590644 239861 167280 582452 239861 167280
MASTER 48 582452 4294731531 167116 590644 4294731531 167116 590644 4294731531 0 582452 4294731531 0
MASTER 49 582452 243957 167116 590644 243957 167116 590644 243957 0 582452 243957 0
MASTER 50 4294384844 4294727435 167280 4294384844 4294727435 159088 4294384844 239861 159088 4294384844 239861 167280
MASTER 51 4294384844 4294731531 167116 4294384844 4294723339 167116 4294384844 4294723339 0 4294384844 4294731531 0
MASTER 52 4294384844 243957 167116 4294384844 235765 167116 4294384844 235765 0 4294384844 243957 0
MASTER 53 590644 4294727435 167280 590644 4294727435 159088 590644 239861 159088 590644 239861 167280
MASTER 54 590644 4294731531 167116 590644 4294723339 167116 590644 4294723339 0 590644 4294731531 0
MASTER 55 590644 243957 167116 590644 235765 167116 590644 235765 0 590644 243957 0
MASTER 56 4294384844 4294727435 159088 4294376652 4294727435 159088 4294376652 239861 159088 4294384844 239861 159088
MASTER 57 4294384844 4294723339 167116 4294376652 4294723339 167116 4294376652 4294723339 0 4294384844 4294723339 0
MASTER 58 4294384844 235765 167116 4294376652 235765 167116 4294376652 235765 0 4294384844 235765 0
MASTER 59 590644 4294727435 159088 582452 4294727435 159088 582452 239861 159088 590644 239861 159088
MASTER 60 590644 4294723339 167116 582452 4294723339 167116 582452 4294723339 0 590644 4294723339 0
MASTER 61 590644 235765 167116 582452 235765 167116 582452 235765 0 590644 235765 0
MASTER 62 0 0 0 0 0 0 0 0 0 0 0 0
MASTER 63 0 0 0 0 0 0 0 0 0 0 0 0
