# Stage 3 task 2 dispatcher ground truth (oracle = PCode emu; realloc stubbed, LUT injected for case 2, commentary OFF).
# D name | count | e0:c,x,y,d | e1:c,x,y,d | e2:c,x,y,d | rng | d4 | frz | p448 | p44c | cd | a2c | RET
D busy            | 0 | 0,0,0,0 | 0,0,0,0 | 0,0,0,0 | 1 | 0 | 0 | 0 | 0 | 153 | 0 | RET
D sub_corner      | 2 | 6,17,34,360 | 12,51,68,360 | 0,0,0,0 | 1 | 4 | 4 | 8 | 8 | 360 | 2 | RET
D phase_ko        | 1 | 28,0,0,360 | 0,0,0,0 | 0,0,0,0 | 1 | 4 | 1 | 8 | 8 | 720 | 2 | RET
D phase_ht        | 1 | 30,0,0,360 | 0,0,0,0 | 0,0,0,0 | 1 | 4 | 1 | 8 | 8 | 720 | 2 | RET
D phase_et_end    | 1 | 32,0,0,360 | 0,0,0,0 | 0,0,0,0 | 1 | 4 | 10 | 8 | 8 | 720 | 2 | RET
D phase_ft_replay | 1 | 29,0,0,360 | 0,0,0,0 | 0,0,0,0 | 1 | 4 | 1 | 8 | 8 | 720 | 2 | RET
D phase_ft_2leg   | 2 | 29,0,0,360 | 31,0,0,360 | 0,0,0,0 | 1 | 4 | 1 | 8 | 8 | 720 | 2 | RET
D phase_ft_done   | 1 | 32,0,0,360 | 0,0,0,0 | 0,0,0,0 | 1 | 4 | 10 | 8 | 8 | 720 | 2 | RET
D buildup_nodraw  | 1 | 0,0,0,360 | 0,0,0,0 | 0,0,0,0 | 1 | 5 | 2 | 8 | 8 | 360 | 0 | RET
D buildup_draw    | 1 | 0,0,0,360 | 0,0,0,0 | 0,0,0,0 | 2745024 | 5 | 2 | 8 | 8 | 360 | 0 | RET
D buildup_sub     | 1 | 6,17,34,360 | 0,0,0,0 | 0,0,0,0 | 1 | 5 | 2 | 8 | 8 | 360 | 2 | RET
D restart         | 1 | 0,0,0,360 | 0,0,0,0 | 0,0,0,0 | 1 | 5 | 3 | 8 | 8 | 360 | 0 | RET
D restart_et      | 1 | 0,0,0,360 | 0,0,0,0 | 0,0,0,0 | 1 | 5 | 3 | 8 | 8 | 360 | 0 | RET
D corner          | 1 | 12,85,102,360 | 0,0,0,0 | 0,0,0,0 | 1 | 4 | 4 | 8 | 8 | 360 | 0 | RET
D foul_normal     | 1 | 1,119,136,360 | 0,0,0,0 | 0,0,0,0 | 1 | 4 | 5 | 8 | 8 | 360 | 0 | RET
D foul_yellow     | 1 | 3,119,136,360 | 0,0,0,0 | 0,0,0,0 | 1 | 1 | 5 | 8 | 8 | 360 | 2 | RET
D foul_2yellow    | 1 | 4,119,136,360 | 0,0,0,0 | 0,0,0,0 | 1 | 2 | 5 | 8 | 8 | 360 | 2 | RET
D foul_red        | 1 | 5,119,136,360 | 0,0,0,0 | 0,0,0,0 | 1 | 3 | 5 | 8 | 8 | 360 | 2 | RET
D offside         | 1 | 11,119,136,360 | 0,0,0,0 | 0,0,0,0 | 1 | 4 | 5 | 8 | 8 | 360 | 0 | RET
D goal            | 1 | 7,1,153,360 | 0,0,0,0 | 0,0,0,0 | 1 | 7 | 6 | 8 | 8 | 360 | 2 | RET
D goal_draw       | 1 | 7,1,153,360 | 0,0,0,0 | 0,0,0,0 | 2745024 | 7 | 6 | 8 | 8 | 360 | 2 | RET
D owngoal         | 1 | 8,0,153,360 | 0,0,0,0 | 0,0,0,0 | 1 | 7 | 6 | 8 | 8 | 360 | 2 | RET
D pen_nocard      | 1 | 9,170,187,360 | 0,0,0,0 | 0,0,0,0 | 1 | 4 | 7 | 8 | 8 | 360 | 2 | RET
D pen_yellow      | 2 | 9,170,187,360 | 3,170,187,360 | 0,0,0,0 | 1 | 1 | 7 | 8 | 8 | 360 | 2 | RET
D pen_red         | 2 | 9,170,187,360 | 5,170,187,360 | 0,0,0,0 | 1 | 3 | 7 | 8 | 8 | 360 | 2 | RET
# A name | result(EAX) | RET
A agg_draw0       | 0 | RET
A agg_leaf1       | 1 | RET
A agg_2leg1       | 1 | RET
A agg_2leg2       | 2 | RET
